SDp;ERp;x1;x2;x3;x4;x5;x6;x7;x8;x9;x10
NaN;NaN;NaN;NaN;NaN;NaN;NaN;NaN;NaN;NaN;NaN;NaN
0.008860599968373167;0.0;0.0743;0.1221;0.0;0.0;0.0124;0.3181;0.1229;0.0;0.1105;0.2396
0.008715394999125655;0.01;0.0787;0.133;0.0;0.0;0.0156;0.3032;0.1314;0.0;0.1091;0.2289
0.008583075184240362;0.02;0.083;0.1436;0.0001;0.0001;0.0191;0.2885;0.1395;0.0;0.1076;0.2183
0.008462966179152017;0.03;0.0874;0.1544;0.0002;0.0003;0.0222;0.2738;0.1478;0.0001;0.1061;0.2078
0.008354755556737897;0.04;0.092;0.1656;0.0001;0.0001;0.0255;0.2586;0.1565;0.0;0.1047;0.1969
0.00826157037503761;0.05;0.0962;0.176;0.0004;0.0005;0.0286;0.2442;0.1644;0.0;0.1032;0.1865
0.008181472423604228;0.06;0.0992;0.1832;0.0023;0.0032;0.0309;0.2322;0.1697;0.0001;0.1015;0.1777
0.008109794971890575;0.07;0.1002;0.1853;0.0073;0.0091;0.0319;0.2242;0.1707;0.0004;0.0994;0.1715
0.00804351251175772;0.08;0.1012;0.1876;0.0128;0.0146;0.0328;0.2162;0.1718;0.0004;0.0973;0.1654
0.00798295934489926;0.09;0.102;0.1895;0.0187;0.0205;0.0335;0.2084;0.1727;0.0001;0.0952;0.1593
0.007929047160071614;0.1;0.1027;0.1911;0.0244;0.0263;0.0342;0.2009;0.1733;0.0004;0.0931;0.1535
0.0078813105814694;0.11;0.1034;0.1926;0.0298;0.0318;0.0349;0.1934;0.1736;0.0016;0.0911;0.1479
0.007839246858035621;0.12;0.1039;0.1938;0.0347;0.0367;0.0354;0.1861;0.1735;0.0039;0.0891;0.1427
0.007802482141172664;0.13;0.1043;0.1947;0.0391;0.0411;0.0359;0.1791;0.1728;0.0078;0.0873;0.138
0.007770898318820016;0.14;0.1048;0.1958;0.0437;0.0457;0.0364;0.1719;0.1724;0.0109;0.0854;0.133
0.00774461915833613;0.15;0.1052;0.1968;0.0483;0.0502;0.0369;0.1648;0.1719;0.0143;0.0835;0.1281
0.007723682591961567;0.16;0.1057;0.1978;0.0528;0.0547;0.0374;0.1576;0.1714;0.0177;0.0816;0.1232
0.007708130002080524;0.17;0.1061;0.1988;0.0573;0.0592;0.0379;0.1505;0.1708;0.0213;0.0798;0.1184
0.007697993058911072;0.18;0.1066;0.1997;0.0617;0.0637;0.0384;0.1434;0.1703;0.0248;0.0779;0.1136
0.007693295972562465;0.19;0.1069;0.2006;0.0661;0.0681;0.0391;0.1363;0.1696;0.0285;0.076;0.1087
0.007694042233545453;0.2;0.1074;0.2016;0.0706;0.0725;0.0395;0.1292;0.1691;0.032;0.0742;0.1039
0.007700234233648793;0.21;0.1078;0.2026;0.0751;0.077;0.04;0.1221;0.1686;0.0355;0.0723;0.099
0.007711858660880033;0.22;0.1082;0.2036;0.0796;0.0815;0.0405;0.115;0.168;0.039;0.0705;0.0942
0.007728890925063199;0.23;0.1087;0.2045;0.0841;0.0859;0.0409;0.1079;0.1675;0.0426;0.0686;0.0893
0.007751295318446512;0.24;0.1091;0.2055;0.0885;0.0904;0.0414;0.1008;0.1669;0.0461;0.0667;0.0845
0.007779025409443157;0.25;0.1095;0.2065;0.093;0.0949;0.0419;0.0937;0.1664;0.0497;0.0649;0.0796
0.0078120244817042215;0.26;0.11;0.2074;0.0975;0.0993;0.0424;0.0866;0.1658;0.0532;0.063;0.0748
0.00785022608924115;0.27;0.1104;0.2084;0.1019;0.1038;0.0428;0.0795;0.1653;0.0568;0.0611;0.07
0.007893554698162573;0.28;0.1108;0.2094;0.1064;0.1083;0.0433;0.0724;0.1647;0.0603;0.0593;0.0651
0.007941926395324693;0.29;0.1113;0.2104;0.1109;0.1127;0.0438;0.0653;0.1641;0.0639;0.0574;0.0603
0.00799524967078212;0.3;0.1117;0.2113;0.1154;0.1172;0.0442;0.0582;0.1636;0.0674;0.0556;0.0554
0.008053426150393983;0.31;0.1121;0.2123;0.1198;0.1216;0.0447;0.0511;0.163;0.071;0.0537;0.0506
0.00811635157256917;0.32;0.1125;0.2132;0.1243;0.1261;0.0452;0.044;0.1625;0.0745;0.0518;0.0457
0.008183917017581614;0.33;0.1129;0.2142;0.1288;0.1306;0.0456;0.0371;0.1619;0.0781;0.0499;0.0408
0.008256005734835346;0.34;0.1134;0.2152;0.1333;0.135;0.046;0.0298;0.1614;0.0816;0.0481;0.0361
0.008332503969685701;0.35;0.1138;0.2162;0.1377;0.1395;0.0465;0.0228;0.1608;0.0852;0.0462;0.0312
0.008413296032452238;0.36;0.1142;0.2169;0.1423;0.1441;0.047;0.0161;0.1601;0.0888;0.0442;0.0262
0.00849824316610772;0.37;0.1146;0.218;0.1467;0.1485;0.0475;0.0088;0.1597;0.0923;0.0424;0.0215
0.008587312020288965;0.38;0.1147;0.2184;0.1514;0.1533;0.0479;0.0034;0.1587;0.096;0.0402;0.016
0.008681001636127252;0.39;0.1141;0.2178;0.1566;0.1586;0.0483;0.001;0.1571;0.0998;0.0372;0.0095
0.008780137832611133;0.4;0.1129;0.2161;0.1624;0.1645;0.0483;0.0003;0.1549;0.1039;0.0334;0.0032
0.008885803455651133;0.41;0.1108;0.2125;0.1696;0.1712;0.0475;0.0001;0.1513;0.1091;0.0275;0.0005
0.009000148369740129;0.42;0.108;0.2079;0.1776;0.1782;0.0462;0.0;0.1468;0.1149;0.0202;0.0001
0.00912334938096456;0.43;0.1052;0.203;0.1858;0.1854;0.0447;0.0;0.1422;0.1208;0.0128;0.0
0.009254990162427366;0.44;0.1021;0.1978;0.1942;0.1925;0.0431;0.0;0.1373;0.1267;0.0061;0.0
0.009395248246085928;0.45;0.0981;0.1913;0.2031;0.1997;0.041;0.0001;0.1312;0.1331;0.0024;0.0001
0.009543943899926294;0.46;0.0938;0.1842;0.2123;0.2068;0.0386;0.0;0.1245;0.1397;0.0003;0.0
0.009702414691737509;0.47;0.0888;0.1761;0.2218;0.2139;0.0358;0.0;0.1169;0.1465;0.0001;0.0
0.009869850406696376;0.48;0.0838;0.168;0.2315;0.221;0.033;0.0;0.1093;0.1533;0.0001;0.0
0.010045779619317838;0.49;0.0788;0.1599;0.2411;0.2281;0.0302;0.0;0.1017;0.1602;0.0;0.0
0.01023032890615715;0.5;0.0737;0.1516;0.2507;0.2353;0.0274;0.0;0.094;0.1671;0.0003;0.0
0.010421859518264194;0.51;0.0687;0.1435;0.2603;0.2424;0.0247;0.0;0.0864;0.1739;0.0002;0.0
0.010620643188132765;0.52;0.0637;0.1354;0.2699;0.2495;0.0219;0.0;0.0788;0.1807;0.0001;0.0
0.010826166373932255;0.53;0.0587;0.1273;0.2795;0.2566;0.0191;0.0;0.0712;0.1875;0.0001;0.0
0.011038282511708035;0.54;0.0536;0.1191;0.2891;0.2637;0.0164;0.0;0.0635;0.1944;0.0001;0.0
0.011256471861007745;0.55;0.0486;0.1109;0.2987;0.2708;0.0138;0.0;0.0558;0.2012;0.0;0.0
0.011480395292462012;0.56;0.0435;0.1026;0.3083;0.2779;0.0113;0.0;0.0481;0.2081;0.0;0.0
0.011709481137581716;0.57;0.0386;0.0948;0.3179;0.285;0.008;0.0;0.0407;0.2149;0.0;0.0
0.011943896345520469;0.58;0.0335;0.0866;0.3276;0.2922;0.0054;0.0;0.033;0.2218;0.0;0.0
0.012183157211614282;0.59;0.0282;0.078;0.3371;0.2993;0.0038;0.0;0.025;0.2286;0.0;0.0
0.012427007424425728;0.6;0.0227;0.0693;0.3467;0.3064;0.0023;0.0;0.017;0.2355;0.0;0.0
0.012675483899080015;0.61;0.0171;0.0601;0.3563;0.3135;0.0014;0.0;0.0091;0.2425;0.0;0.0
0.012927791027079338;0.62;0.0109;0.0501;0.366;0.3205;0.0005;0.0;0.0027;0.2493;0.0;0.0
0.01318509097443185;0.63;0.0037;0.0369;0.3756;0.3271;0.0002;0.0;0.0004;0.2562;0.0;0.0
0.013448421847625023;0.64;0.0002;0.0174;0.3853;0.3336;0.0001;0.0;0.0001;0.2633;0.0;0.0
0.013728575450911404;0.65;0.0001;0.0001;0.3986;0.3196;0.0;0.0;0.0001;0.2816;0.0;0.0
0.014187535767198426;0.66;0.0;0.0;0.4218;0.2485;0.0;0.0;0.0;0.3297;0.0;0.0
0.014874189228670443;0.67;0.0;0.0;0.4452;0.1766;0.0;0.0;0.0;0.3782;0.0;0.0
0.015756124228954553;0.68;0.0;0.0;0.4685;0.105;0.0;0.0;0.0;0.4266;0.0;0.0
0.016805733126792753;0.69;0.0;0.0;0.4918;0.0331;0.0;0.0;0.0;0.475;0.0;0.0
0.01817089051799664;0.7;0.0;0.0;0.4188;0.0;0.0;0.0;0.0;0.5812;0.0;0.0
